10
100
1001
1003
1004
1007
1008
1009
101
1010
1012
1013
1014
1015
1016
1017
102
1020
1021
1022
1024
1025
1026
1027
1028
1029
103
1031
1032
1033
1034
1035
1036
1038
1039
104
1040
1042
1043
1045
1046
1047
105
1050
1051
1052
1054
1055
1058
1059
106
1060
1061
1062
1063
1064
1065
1066
1067
1068
107
1070
1071
1072
1074
1075
1076
1077
1078
1079
108
1080
1081
1082
1083
1084
1085
1086
1087
1089
109
1090
1092
1094
1095
1097
1098
11
110
1102
1104
1106
1108
111
1110
1112
1113
1114
1115
1117
1119
112
1120
1121
1122
1123
1124
1125
1127
1128
1129
113
1130
1131
1134
1136
1137
1139
114
1140
1142
1143
1144
1145
1146
1147
1148
1149
115
1151
1152
1153
1154
1155
1156
1157
1159
116
1160
1162
1163
1164
1165
1166
1168
1169
117
1171
1173
1174
1176
1177
1178
1179
118
1180
1181
1182
1183
1185
1186
1187
1188
1189
119
1190
1191
1192
1195
1196
1197
1198
1199
12
1200
1201
1202
1204
1205
1206
1207
1208
1209
121
1210
1211
1213
1214
1215
1216
1217
1218
122
1220
1221
1222
1225
1226
1227
1228
1229
123
1230
1231
1232
1233
1234
1235
1236
1237
1238
1239
124
1240
1241
1242
1244
1245
1246
1247
1248
1249
125
1250
1251
1252
1253
1255
1257
126
1260
1261
1262
1264
1265
1266
1268
1269
1270
1271
1272
1274
1277
128
1280
1281
1282
1283
1284
1285
1286
1287
1288
1289
129
1290
1291
1293
1294
1295
1296
1297
1298
1299
13
1300
1302
1303
1305
1307
1308
1309
131
1310
1311
1313
1314
1316
1317
1318
1319
132
1322
1323
1324
1325
1326
1327
1328
1329
133
1330
1331
1332
1333
1334
1335
1336
1337
1338
1339
134
1340
1341
1342
1344
1345
1346
1347
1348
1349
135
1350
1352
1353
1355
1356
1357
1359
1360
1362
1363
1364
1365
1366
1367
1368
1369
137
1370
1371
1372
1373
1374
1375
1377
1379
138
1380
1381
1382
1383
1384
1385
1387
1388
1389
1390
1391
1392
1393
1394
1395
1397
1398
14
1400
1401
1402
1404
1405
1406
1407
1408
1409
141
1411
1413
1414
1415
1416
1417
1418
1419
142
1420
1421
1422
1424
1425
1426
1427
1428
1429
143
1431
1433
1435
1436
1439
144
1440
1441
1442
1443
1446
1447
1449
145
1450
1451
1452
1453
1455
1456
1457
1459
146
1460
1461
1462
1463
1464
1465
1466
1467
1468
1469
147
1470
1471
1472
1473
1474
1475
1476
1477
1479
148
1480
1481
1482
1483
1485
1487
1488
1489
149
1490
1491
1494
1495
1498
1499
15
150
1500
1501
1502
1503
1504
1505
1508
1509
151
1510
1511
1512
1513
1514
1515
1516
1517
1518
1519
152
1520
1521
1523
1524
1525
1526
1527
1528
153
1531
1532
1533
1534
1535
1536
1538
1539
154
1540
1541
1542
1543
1545
1546
1548
1549
155
1550
1552
1553
1554
1555
1557
1558
1559
156
1560
1561
1562
1563
1564
1565
1566
1567
1568
1570
1572
1573
1575
1576
1577
1578
1579
158
1580
1581
1582
1583
1585
1586
1587
1588
1589
1590
1594
1597
1599
16
160
1600
1602
1603
1604
1605
1606
1607
1608
1609
161
1610
1611
1612
1613
1614
1615
1616
1617
1620
1621
1622
1625
1626
1627
1628
1629
1630
1631
1632
1633
1634
1637
1638
1639
164
1640
1641
1642
1644
1645
1646
1647
1648
1649
165
1650
1651
1652
1653
1654
1655
1659
1660
1661
1663
1664
1665
1667
1668
1669
167
1670
1673
1674
1675
1676
1677
1678
1679
1681
1683
1684
1685
1688
1689
1690
1691
1692
1693
1694
1695
1696
1697
1698
1699
17
170
1700
1701
1702
1703
1704
1706
1707
1708
1709
171
1710
1711
1712
1713
1714
1715
1716
1717
172
1720
1721
1722
1724
1725
1726
1727
1728
173
1730
1731
1732
1733
1734
1735
1737
1738
1739
1740
1742
1743
1745
1746
1747
1748
1749
175
1750
1751
1752
1753
1755
1756
1757
1758
1759
176
1760
1761
1762
1763
1764
1765
1766
1767
1768
1769
177
1771
1772
1773
1774
1775
1777
1778
1779
178
1780
1782
1783
1784
1785
1786
1787
1788
1789
179
1790
1792
1793
1794
1795
1796
1797
1798
1799
18
1800
1801
1802
1803
1804
1805
1807
1808
1809
181
1811
1812
1813
1814
1815
1816
1817
1818
1819
1820
1822
1823
1824
1825
1826
1827
1828
1829
183
1832
1833
1834
1835
1836
1837
1838
1839
184
1842
1844
1846
1847
1848
1849
1850
1851
1853
1855
1856
1859
186
1860
1861
1862
1863
1864
1867
1868
1869
1870
1871
1872
1873
1874
1875
1877
1878
1879
188
1880
1881
1882
1883
1886
1887
1888
1889
1890
1891
1892
1893
1894
1895
1896
1897
1898
19
190
1900
1901
1902
1903
1905
1906
1907
1908
191
1910
1911
1912
1913
1914
1915
1916
1917
1919
1920
1921
1922
1923
1924
1925
1926
1927
1928
1929
193
1930
1934
1935
1936
1937
1938
1939
194
1940
1942
1943
1944
1945
1947
1948
1949
1950
1951
1952
1954
1956
1957
1958
1959
196
1960
1962
1963
1964
1965
1967
1969
197
1970
1971
1972
1973
1974
1975
1976
1978
198
1980
1981
1982
1984
1985
1986
1987
1988
199
1991
1994
1995
1997
1999
2
20
200
2001
2002
2003
2004
2005
2006
2007
2009
201
2010
2011
2012
2013
2016
2017
2018
2019
202
2020
2021
2023
2024
2026
2027
2028
2029
203
2030
2031
2032
2033
2034
2035
2037
2038
2039
204
2040
2041
2042
2043
2044
2045
2046
2048
2049
2050
2051
2052
2053
2054
2055
2056
2057
2058
2059
206
2060
2061
2062
2063
2064
2065
2066
2067
2068
2069
207
2070
2071
2072
2073
2074
2075
2076
2077
2078
208
2080
2081
2082
2083
2084
2085
2086
2087
2088
2089
209
2090
2091
2092
2093
2094
2095
2097
2098
2099
21
210
2100
2102
2103
2104
2105
2106
2107
2109
211
2110
2111
2112
2113
2114
2115
2116
2117
2119
212
2120
2122
2123
2124
2126
2127
2128
2129
213
2130
2131
2132
2133
2134
2135
2137
2138
214
2140
2141
2142
2143
2145
2147
2148
215
2153
2154
2155
2156
2158
2159
216
2160
2161
2162
217
218
219
22
220
222
223
224
225
226
227
228
229
23
230
231
232
233
234
235
236
237
238
239
24
240
241
244
245
246
247
248
249
25
251
252
253
254
255
256
257
258
259
26
261
262
263
264
265
267
268
269
270
271
273
274
275
276
277
278
28
280
281
283
284
286
289
29
292
294
295
296
297
298
299
3
30
300
301
303
304
305
307
308
309
31
310
311
312
314
316
317
318
319
321
322
323
325
326
327
328
329
33
330
331
332
333
334
336
337
338
339
340
341
342
343
344
345
346
347
348
349
35
350
351
352
353
356
357
358
36
360
362
363
364
365
366
367
368
37
370
372
373
375
377
378
379
38
380
381
382
384
385
386
387
388
39
390
392
393
394
395
396
398
399
4
400
402
403
404
405
406
407
41
410
411
412
413
414
415
417
419
42
420
421
423
424
425
428
429
430
431
432
433
434
435
436
438
439
44
440
441
442
443
446
447
449
450
451
452
453
454
456
457
458
459
46
460
461
462
463
465
466
467
468
469
47
470
471
472
473
474
475
476
477
478
48
481
485
486
487
489
49
491
493
496
498
499
5
50
500
501
502
503
505
506
507
509
51
510
511
512
513
514
515
516
517
518
519
52
520
522
523
524
525
526
527
528
529
53
530
532
535
536
537
538
539
54
541
542
544
545
546
547
548
549
55
550
552
553
554
555
556
557
558
559
56
560
561
562
563
564
565
566
568
569
57
570
572
574
576
577
578
579
58
580
581
582
583
584
585
586
587
588
589
590
591
593
594
595
596
598
599
6
60
600
601
602
603
605
606
607
608
609
610
611
612
613
614
615
616
617
618
619
62
620
623
624
625
626
627
628
629
632
633
634
635
636
637
638
641
642
643
644
645
647
651
653
655
656
657
659
66
660
661
662
663
664
665
666
667
669
67
670
671
672
673
674
675
676
678
679
680
681
683
684
686
687
689
69
690
691
694
695
696
697
699
7
70
700
701
702
703
704
705
706
707
709
71
710
711
712
713
714
715
716
717
718
719
72
720
721
722
723
725
726
727
728
729
730
731
732
733
734
735
736
737
738
739
740
741
742
743
744
745
746
748
749
75
751
752
753
754
755
758
759
76
760
761
762
764
765
766
768
769
77
770
771
772
773
774
775
776
779
78
780
781
782
783
784
785
786
787
788
789
79
790
791
792
793
794
795
797
798
799
80
800
801
803
805
806
807
808
809
81
810
811
812
813
814
815
816
817
818
819
820
821
822
823
824
825
826
827
828
83
832
834
835
836
837
838
839
84
840
841
842
843
845
846
847
848
849
85
852
853
854
855
856
858
859
86
861
863
864
865
866
867
868
869
87
870
871
872
874
877
878
879
88
881
882
883
885
886
888
889
89
892
893
894
895
898
899
90
901
903
904
906
907
908
909
91
910
912
913
914
915
916
918
92
921
922
923
924
925
926
927
928
929
93
930
931
932
933
934
935
937
938
939
941
942
943
944
945
948
949
950
951
953
954
955
956
957
958
959
961
962
963
964
965
967
968
97
970
971
972
973
974
976
977
978
979
980
981
982
983
984
985
986
987
988
989
99
990
993
994
995
996
997
998
999
